1600898804.000000, IBI
18.578125,0.562500
19.156250,0.578125
19.781250,0.625000
20.500000,0.718750
21.218750,0.718750
21.890625,0.671875
38.468750,0.625000
39.078125,0.609375
43.015625,0.609375
43.625000,0.609375
44.265625,0.640625
44.953125,0.687500
45.656250,0.703125
46.328125,0.671875
57.656250,0.625000
58.296875,0.640625
67.796875,0.656250
68.468750,0.671875
69.125000,0.656250
75.031250,0.703125
75.671875,0.640625
76.312500,0.640625
76.984375,0.671875
77.656250,0.671875
95.968750,0.625000
96.609375,0.640625
97.218750,0.609375
113.812500,0.625000
114.453125,0.640625
115.062500,0.609375
115.687500,0.625000
116.328125,0.640625
117.000000,0.671875
117.687500,0.687500
118.359375,0.671875
119.000000,0.640625
119.640625,0.640625
120.296875,0.656250
120.921875,0.625000
121.546875,0.625000
122.156250,0.609375
122.812500,0.656250
123.437500,0.625000
124.062500,0.625000
124.687500,0.625000
125.296875,0.609375
125.937500,0.640625
126.609375,0.671875
127.281250,0.671875
127.921875,0.640625
128.546875,0.625000
129.187500,0.640625
129.828125,0.640625
130.500000,0.671875
131.109375,0.609375
131.687500,0.578125
132.281250,0.593750
132.890625,0.609375
133.546875,0.656250
134.218750,0.671875
134.843750,0.625000
135.437500,0.593750
136.046875,0.609375
136.671875,0.625000
137.312500,0.640625
137.968750,0.656250
138.578125,0.609375
139.171875,0.593750
139.781250,0.609375
140.390625,0.609375
141.031250,0.640625
141.656250,0.625000
142.281250,0.625000
142.906250,0.625000
143.578125,0.671875
144.296875,0.718750
145.015625,0.718750
145.687500,0.671875
146.328125,0.640625
146.984375,0.656250
147.625000,0.640625
148.296875,0.671875
148.937500,0.640625
149.546875,0.609375
150.140625,0.593750
150.734375,0.593750
151.375000,0.640625
152.078125,0.703125
152.765625,0.687500
153.390625,0.625000
154.031250,0.640625
154.687500,0.656250
155.375000,0.687500
156.062500,0.687500
156.687500,0.625000
157.296875,0.609375
157.921875,0.625000
158.546875,0.625000
159.187500,0.640625
159.796875,0.609375
160.406250,0.609375
161.000000,0.593750
161.640625,0.640625
162.281250,0.640625
162.906250,0.625000
163.500000,0.593750
164.078125,0.578125
164.703125,0.625000
165.312500,0.609375
165.937500,0.625000
166.531250,0.593750
167.125000,0.593750
167.734375,0.609375
168.343750,0.609375
168.921875,0.578125
169.515625,0.593750
170.078125,0.562500
170.640625,0.562500
171.187500,0.546875
171.718750,0.531250
172.265625,0.546875
172.828125,0.562500
173.406250,0.578125
173.968750,0.562500
174.531250,0.562500
175.062500,0.531250
175.609375,0.546875
176.171875,0.562500
176.734375,0.562500
177.281250,0.546875
177.843750,0.562500
178.375000,0.531250
178.906250,0.531250
179.453125,0.546875
180.031250,0.578125
180.625000,0.593750
181.203125,0.578125
181.765625,0.562500
182.359375,0.593750
182.984375,0.625000
183.671875,0.687500
184.359375,0.687500
184.968750,0.609375
185.562500,0.593750
186.187500,0.625000
186.828125,0.640625
187.484375,0.656250
188.125000,0.640625
188.734375,0.609375
189.359375,0.625000
190.000000,0.640625
190.656250,0.656250
191.312500,0.656250
191.906250,0.593750
192.515625,0.609375
193.140625,0.625000
193.781250,0.640625
194.453125,0.671875
195.093750,0.640625
195.703125,0.609375
196.343750,0.640625
197.000000,0.656250
197.687500,0.687500
198.328125,0.640625
198.937500,0.609375
199.562500,0.625000
200.203125,0.640625
200.875000,0.671875
201.531250,0.656250
202.140625,0.609375
202.765625,0.625000
203.421875,0.656250
204.109375,0.687500
204.781250,0.671875
205.421875,0.640625
206.046875,0.625000
206.703125,0.656250
207.343750,0.640625
208.031250,0.687500
208.687500,0.656250
209.312500,0.625000
209.937500,0.625000
210.578125,0.640625
211.218750,0.640625
211.859375,0.640625
212.468750,0.609375
213.109375,0.640625
213.765625,0.656250
214.453125,0.687500
215.125000,0.671875
215.765625,0.640625
216.375000,0.609375
216.984375,0.609375
217.609375,0.625000
218.281250,0.671875
218.937500,0.656250
219.562500,0.625000
220.218750,0.656250
220.890625,0.671875
221.578125,0.687500
222.234375,0.656250
222.859375,0.625000
223.515625,0.656250
224.203125,0.687500
224.906250,0.703125
225.562500,0.656250
226.187500,0.625000
226.828125,0.640625
227.500000,0.671875
228.187500,0.687500
228.843750,0.656250
229.453125,0.609375
230.062500,0.609375
230.703125,0.640625
231.406250,0.703125
232.125000,0.718750
232.812500,0.687500
233.468750,0.656250
234.140625,0.671875
234.828125,0.687500
235.531250,0.703125
236.203125,0.671875
236.843750,0.640625
237.531250,0.687500
238.203125,0.671875
238.875000,0.671875
239.515625,0.640625
240.109375,0.593750
240.734375,0.625000
241.390625,0.656250
242.109375,0.718750
242.843750,0.734375
243.515625,0.671875
244.187500,0.671875
244.875000,0.687500
245.593750,0.718750
246.328125,0.734375
247.000000,0.671875
247.609375,0.609375
248.218750,0.609375
271.343750,0.671875
272.000000,0.656250
272.656250,0.656250
273.343750,0.687500
282.828125,0.718750
283.500000,0.671875
284.156250,0.656250
284.781250,0.625000
285.406250,0.625000
286.031250,0.625000
286.625000,0.593750
287.203125,0.578125
287.765625,0.562500
288.359375,0.593750
288.937500,0.578125
289.546875,0.609375
290.140625,0.593750
290.718750,0.578125
291.296875,0.578125
291.921875,0.625000
292.609375,0.687500
293.296875,0.687500
293.937500,0.640625
294.562500,0.625000
295.171875,0.609375
295.812500,0.640625
296.437500,0.625000
297.062500,0.625000
297.671875,0.609375
298.250000,0.578125
298.828125,0.578125
299.421875,0.593750
300.046875,0.625000
300.687500,0.640625
301.312500,0.625000
301.906250,0.593750
302.500000,0.593750
303.109375,0.609375
303.750000,0.640625
304.453125,0.703125
305.187500,0.734375
305.843750,0.656250
306.453125,0.609375
307.046875,0.593750
307.656250,0.609375
308.265625,0.609375
308.921875,0.656250
309.578125,0.656250
310.234375,0.656250
310.859375,0.625000
311.453125,0.593750
312.046875,0.593750
312.671875,0.625000
313.359375,0.687500
314.156250,0.796875
314.968750,0.812500
315.687500,0.718750
316.328125,0.640625
316.937500,0.609375
317.562500,0.625000
318.218750,0.656250
318.937500,0.718750
319.703125,0.765625
320.406250,0.703125
321.062500,0.656250
321.750000,0.687500
322.484375,0.734375
323.218750,0.734375
323.906250,0.687500
324.546875,0.640625
325.171875,0.625000
325.843750,0.671875
326.671875,0.828125
327.484375,0.812500
328.250000,0.765625
328.937500,0.687500
329.578125,0.640625
330.234375,0.656250
330.890625,0.656250
331.578125,0.687500
332.250000,0.671875
332.921875,0.671875
333.625000,0.703125
334.406250,0.781250
335.203125,0.796875
335.968750,0.765625
336.656250,0.687500
337.343750,0.687500
353.656250,0.640625
354.250000,0.593750
354.828125,0.578125
355.484375,0.656250
356.296875,0.812500
357.093750,0.796875
357.890625,0.796875
358.640625,0.750000
359.343750,0.703125
366.078125,0.703125
366.796875,0.718750
367.484375,0.687500
368.140625,0.656250
368.781250,0.640625
369.453125,0.671875
370.156250,0.703125
370.843750,0.687500
371.484375,0.640625
372.171875,0.687500
372.890625,0.718750
373.593750,0.703125
374.296875,0.703125
374.968750,0.671875
375.593750,0.625000
376.234375,0.640625
376.921875,0.687500
377.625000,0.703125
378.359375,0.734375
379.093750,0.734375
379.812500,0.718750
380.500000,0.687500
381.140625,0.640625
381.734375,0.593750
382.343750,0.609375
383.015625,0.671875
383.781250,0.765625
384.640625,0.859375
385.421875,0.781250
386.140625,0.718750
386.781250,0.640625
387.359375,0.578125
404.609375,0.750000
405.343750,0.734375
405.984375,0.640625
406.562500,0.578125
407.125000,0.562500
417.187500,0.609375
417.796875,0.609375
418.453125,0.656250
419.171875,0.718750
419.937500,0.765625
420.734375,0.796875
421.531250,0.796875
422.312500,0.781250
423.078125,0.765625
423.843750,0.765625
424.546875,0.703125
425.187500,0.640625
425.796875,0.609375
426.437500,0.640625
427.125000,0.687500
427.859375,0.734375
428.640625,0.781250
429.437500,0.796875
430.203125,0.765625
430.953125,0.750000
431.703125,0.750000
432.453125,0.750000
433.187500,0.734375
433.921875,0.734375
434.656250,0.734375
435.390625,0.734375
436.109375,0.718750
436.796875,0.687500
437.437500,0.640625
446.734375,0.750000
447.468750,0.734375
448.171875,0.703125
448.875000,0.703125
449.546875,0.671875
450.140625,0.593750
450.718750,0.578125
451.281250,0.562500
451.843750,0.562500
457.953125,0.609375
458.515625,0.562500
459.078125,0.562500
459.625000,0.546875
468.671875,0.578125
487.078125,0.687500
487.750000,0.671875
488.390625,0.640625
489.000000,0.609375
489.578125,0.578125
490.171875,0.593750
496.250000,0.718750
496.937500,0.687500
497.609375,0.671875
498.281250,0.671875
498.937500,0.656250
499.609375,0.671875
500.250000,0.640625
500.843750,0.593750
501.437500,0.593750
512.218750,0.625000
512.859375,0.640625
513.484375,0.625000
514.125000,0.640625
514.781250,0.656250
515.390625,0.609375
515.984375,0.593750
522.812500,0.640625
523.453125,0.640625
524.078125,0.625000
524.703125,0.625000
525.328125,0.625000
525.984375,0.656250
526.640625,0.656250
527.281250,0.640625
527.890625,0.609375
670.328125,0.671875
671.109375,0.781250
676.656250,0.609375
677.312500,0.656250
678.093750,0.781250
678.890625,0.796875
679.703125,0.812500
680.515625,0.812500
681.343750,0.828125
682.125000,0.781250
693.703125,0.703125
694.421875,0.718750
695.156250,0.734375
695.859375,0.703125
706.656250,0.562500
707.218750,0.562500
707.812500,0.593750
741.093750,0.671875
741.750000,0.656250
742.406250,0.656250
743.125000,0.718750
743.843750,0.718750
744.546875,0.703125
745.234375,0.687500
745.906250,0.671875
750.796875,0.687500
751.531250,0.734375
752.265625,0.734375
752.937500,0.671875
753.593750,0.656250
762.125000,0.671875
762.828125,0.703125
763.515625,0.687500
764.187500,0.671875
785.156250,0.734375
785.875000,0.718750
786.578125,0.703125
787.250000,0.671875
787.937500,0.687500
788.656250,0.718750
789.406250,0.750000
790.078125,0.671875
790.765625,0.687500
799.531250,0.625000
800.125000,0.593750
800.734375,0.609375
801.390625,0.656250
802.093750,0.703125
802.796875,0.703125
803.453125,0.656250
804.062500,0.609375
826.515625,0.609375
827.125000,0.609375
827.734375,0.609375
828.328125,0.593750
828.906250,0.578125
829.453125,0.546875
830.015625,0.562500
830.562500,0.546875
831.171875,0.609375
836.828125,0.765625
837.500000,0.671875
